{
  "asset": {
    "version": "2.0",
    "generator": "THREE.GLTFExporter r177"
  },
  "scenes": [
    {
      "name": "Scene",
      "nodes": [
        0
      ]
    }
  ],
  "scene": 0,
  "nodes": [
    {
      "name": "enemy2.glb",
      "children": [
        1
      ]
    },
    {
      "matrix": [
        0.009999999776482582,
        0,
        0,
        0,
        0,
        -1.3435885348189617e-9,
        0.010000001120071118,
        0,
        0,
        -0.010000001120071118,
        -1.3435885348189617e-9,
        0,
        0,
        0,
        0,
        1
      ],
      "name": "Armature",
      "extras": {
        "name": "Armature"
      },
      "children": [
        2,
        5
      ]
    },
    {
      "name": "Ch10",
      "extras": {
        "name": "Ch10"
      },
      "children": [
        3,
        4
      ]
    },
    {
      "name": "Mesh",
      "mesh": 0,
      "skin": 0
    },
    {
      "name": "Mesh_1",
      "mesh": 1,
      "skin": 1
    },
    {
      "matrix": [
        1,
        0,
        0,
        0,
        0,
        3.422854177870249e-8,
        -0.9999999657714582,
        0,
        0,
        0.9999999657714582,
        3.422854177870249e-8,
        0,
        -0.0029907224234193563,
        2.398695945739746,
        -105.15625762939453,
        1
      ],
      "name": "mixamorig5Hips",
      "extras": {
        "name": "mixamorig5:Hips"
      },
      "children": [
        6,
        60,
        65
      ]
    },
    {
      "matrix": [
        1,
        0,
        0,
        0,
        0,
        0.988347510611239,
        -0.15221392741769046,
        0,
        0,
        0.15221392741769046,
        0.988347510611239,
        0,
        0,
        8.8360595703125,
        -1.360826015472412,
        1
      ],
      "name": "mixamorig5Spine",
      "extras": {
        "name": "mixamorig5:Spine"
      },
      "children": [
        7
      ]
    },
    {
      "matrix": [
        1,
        0,
        0,
        0,
        0,
        0.9999998807907015,
        -1.3411043475741735e-7,
        0,
        0,
        1.341104507446289e-7,
        0.999999999999991,
        0,
        2.3283064365386963e-10,
        10.43026351928711,
        0.0000026226043701171875,
        1
      ],
      "name": "mixamorig5Spine1",
      "extras": {
        "name": "mixamorig5:Spine1"
      },
      "children": [
        8
      ]
    },
    {
      "matrix": [
        1,
        1.731122530567462e-11,
        1.325227875843982e-12,
        0,
        -1.7311224402203427e-11,
        0.9999999403953506,
        9.685754909227696e-8,
        0,
        -1.3252261991210209e-12,
        -9.685755486543714e-8,
        0.9999999999999953,
        0,
        2.3283064365386963e-10,
        11.920289993286133,
        -0.0000016689300537109375,
        1
      ],
      "name": "mixamorig5Spine2",
      "extras": {
        "name": "mixamorig5:Spine2"
      },
      "children": [
        9,
        12,
        36
      ]
    },
    {
      "matrix": [
        1,
        -1.731121995506123e-11,
        -1.325225677672469e-12,
        0,
        1.731121690937321e-11,
        0.9883473950658277,
        0.1522138944146886,
        0,
        -1.3252249481616065e-12,
        -0.15221391256000205,
        0.9883475128860396,
        0,
        7.283906811039742e-10,
        13.410346984863281,
        9.5367431640625e-7,
        1
      ],
      "name": "mixamorig5Neck",
      "extras": {
        "name": "mixamorig5:Neck"
      },
      "children": [
        10
      ]
    },
    {
      "matrix": [
        1,
        -4.255492699824993e-18,
        -1.3123833128378322e-32,
        0,
        4.2554926998249916e-18,
        0.9999999999999994,
        3.2296945562393375e-8,
        0,
        -1.3743940294357706e-25,
        -3.2296945562393375e-8,
        0.9999999999999994,
        0,
        6.626643678231403e-16,
        6.39117431640625,
        3.217452049255371,
        1
      ],
      "name": "mixamorig5Head",
      "extras": {
        "name": "mixamorig5:Head"
      },
      "children": [
        11
      ]
    },
    {
      "matrix": [
        1,
        -3.101927297073854e-25,
        1.5407427616483386e-33,
        0,
        3.101927297073854e-25,
        1,
        -1.7763568394002505e-15,
        0,
        -1.5407422106353617e-33,
        1.7763568394002505e-15,
        1,
        0,
        0,
        19.781051635742188,
        9.958232879638672,
        1
      ],
      "name": "mixamorig5HeadTop_End",
      "extras": {
        "name": "mixamorig5:HeadTop_End"
      }
    },
    {
      "matrix": [
        -0.04260165760650381,
        0.0009700127238083667,
        -0.9990916339558211,
        0,
        0.968664000823199,
        -0.2448749934359194,
        -0.04154198942509388,
        0,
        -0.24469292138914878,
        -0.9695540039491249,
        0.009492505659673349,
        0,
        6.322325706481934,
        11.89476490020752,
        -0.2580413818359375,
        1
      ],
      "name": "mixamorig5LeftShoulder",
      "extras": {
        "name": "mixamorig5:LeftShoulder"
      },
      "children": [
        13
      ]
    },
    {
      "matrix": [
        0.9996850612248516,
        0.025093010210032556,
        1.4154964173769382e-7,
        0,
        -0.024854342054253832,
        0.9901774925858072,
        -0.13758835943641062,
        0,
        -0.0034526466414660398,
        0.13754504040600912,
        0.9904894356267762,
        0,
        0.0000027418136596679688,
        12.863723754882812,
        -0.00002765655517578125,
        1
      ],
      "name": "mixamorig5LeftArm",
      "extras": {
        "name": "mixamorig5:LeftArm"
      },
      "children": [
        14
      ]
    },
    {
      "matrix": [
        0.9963312019551379,
        0.08558047273594892,
        -1.370491041399544e-7,
        0,
        -0.08479958273522309,
        0.9872398336267515,
        -0.1347824359183504,
        0,
        -0.011534609851610464,
        0.13428797404558152,
        0.9908751560451012,
        0,
        -0.000009655952453613281,
        26.918956756591797,
        0.000005304813385009766,
        1
      ],
      "name": "mixamorig5LeftForeArm",
      "extras": {
        "name": "mixamorig5:LeftForeArm"
      },
      "children": [
        15
      ]
    },
    {
      "matrix": [
        0.9668278386722464,
        0.03498843425298518,
        -0.2530207560224837,
        0,
        -0.004449050067644433,
        0.9927302642331143,
        0.1202771397748847,
        0,
        0.2553897011689396,
        -0.11516159892714278,
        0.9599550354750379,
        0,
        7.152557373046875e-7,
        24.789508819580078,
        -0.000009775161743164062,
        1
      ],
      "name": "mixamorig5LeftHand",
      "extras": {
        "name": "mixamorig5:LeftHand"
      },
      "children": [
        16,
        20,
        24,
        28,
        32
      ]
    },
    {
      "matrix": [
        0.8418848094194796,
        0.5396575040106933,
        -5.902827060268071e-7,
        0,
        -0.5071414293187445,
        0.7911589528520933,
        0.3418698338803227,
        0,
        0.18449305719164347,
        -0.2878146889333289,
        0.9397472550627008,
        0,
        -2.868927478790283,
        3.406757354736328,
        1.606636881828308,
        1
      ],
      "name": "mixamorig5LeftHandThumb1",
      "extras": {
        "name": "mixamorig5:LeftHandThumb1"
      },
      "children": [
        17
      ]
    },
    {
      "matrix": [
        0.999999999997688,
        -0.0000012286976790164531,
        0.0000017647527133019583,
        0,
        9.65498419831778e-7,
        0.9898554150960481,
        0.14207918838845732,
        0,
        -0.0000019214220538381774,
        -0.14207916298068932,
        0.9898552380950257,
        0,
        -0.4614647626876831,
        3.7595748901367188,
        -0.00003975629806518555,
        1
      ],
      "name": "mixamorig5LeftHandThumb2",
      "extras": {
        "name": "mixamorig5:LeftHandThumb2"
      },
      "children": [
        18
      ]
    },
    {
      "matrix": [
        0.9999999999978227,
        0.000001041400038975119,
        -0.0000018083393412338044,
        0,
        -0.0000012347523623559963,
        0.9938820226131059,
        -0.11044585295297542,
        0,
        0.0000016822578442056231,
        0.11044586612114103,
        0.9938821410922117,
        0,
        -0.02879500389099121,
        3.1414499282836914,
        0.000029325485229492188,
        1
      ],
      "name": "mixamorig5LeftHandThumb3",
      "extras": {
        "name": "mixamorig5:LeftHandThumb3"
      },
      "children": [
        19
      ]
    },
    {
      "matrix": [
        0.9999999999999936,
        5.6345013925429255e-8,
        -9.872020106417589e-8,
        0,
        -5.6345017603043646e-8,
        0.9999999999999977,
        -3.725290375613721e-8,
        0,
        9.872019308097788e-8,
        3.7252907098082004e-8,
        0.9999999403953497,
        0,
        0.4902620315551758,
        2.312735080718994,
        -0.0000030994415283203125,
        1
      ],
      "name": "mixamorig5LeftHandThumb4",
      "extras": {
        "name": "mixamorig5:LeftHandThumb4"
      }
    },
    {
      "matrix": [
        0.992511091642709,
        0.12215454490829897,
        -5.026792519458034e-7,
        0,
        -0.12021573159670057,
        0.9767588779300306,
        0.1774549854924342,
        0,
        0.021677426754848458,
        -0.17612600192341624,
        0.9841290356305707,
        0,
        -3.5396978855133057,
        10.241665840148926,
        -0.13479799032211304,
        1
      ],
      "name": "mixamorig5LeftHandIndex1",
      "extras": {
        "name": "mixamorig5:LeftHandIndex1"
      },
      "children": [
        21
      ]
    },
    {
      "matrix": [
        0.9999998807905196,
        -4.25696384973651e-7,
        4.4784524309831006e-7,
        0,
        4.2739514016218407e-7,
        0.9999927204432278,
        -0.0037999804697212585,
        0,
        -4.4622442488027353e-7,
        0.0037999806964084397,
        0.9999927800474334,
        0,
        0.003914594650268555,
        3.023026943206787,
        -0.000024497509002685547,
        1
      ],
      "name": "mixamorig5LeftHandIndex2",
      "extras": {
        "name": "mixamorig5:LeftHandIndex2"
      },
      "children": [
        22
      ]
    },
    {
      "matrix": [
        0.9999999999999248,
        3.621824658478567e-7,
        -1.3808060682454386e-7,
        0,
        -3.5307328603590767e-7,
        0.9981332648840585,
        0.06107360560429423,
        0,
        1.5994261826459722e-7,
        -0.06107359832369975,
        0.9981331458973541,
        0,
        0.004637956619262695,
        2.788083553314209,
        -0.000005453824996948242,
        1
      ],
      "name": "mixamorig5LeftHandIndex3",
      "extras": {
        "name": "mixamorig5:LeftHandIndex3"
      },
      "children": [
        23
      ]
    },
    {
      "matrix": [
        1.0000001192092736,
        1.1827797178481814e-7,
        -1.3411046865955206e-7,
        0,
        -1.1827796205649e-7,
        0.9999999999999925,
        -3.259628218038649e-8,
        0,
        1.3411044881691755e-7,
        3.2596298042697004e-8,
        0.9999999999999905,
        0,
        -0.00855708122253418,
        2.4653680324554443,
        0.000009506940841674805,
        1
      ],
      "name": "mixamorig5LeftHandIndex4",
      "extras": {
        "name": "mixamorig5:LeftHandIndex4"
      }
    },
    {
      "matrix": [
        0.9983078504427352,
        -0.05815011420595394,
        -3.0796174980973756e-7,
        0,
        0.058071921004326905,
        0.996965172848167,
        0.05184915240560512,
        0,
        -0.0030147265339290677,
        -0.051761424514564496,
        0.998654868899638,
        0,
        -1.0724856853485107,
        10.124906539916992,
        -0.16742387413978577,
        1
      ],
      "name": "mixamorig5LeftHandMiddle1",
      "extras": {
        "name": "mixamorig5:LeftHandMiddle1"
      },
      "children": [
        25
      ]
    },
    {
      "matrix": [
        1.000000119209272,
        -1.6569709294176757e-7,
        -8.585060486713422e-8,
        0,
        1.7796093358254043e-7,
        0.985198065703947,
        0.17141986966979159,
        0,
        5.617607616322956e-8,
        -0.17141989010464473,
        0.9851981831487208,
        0,
        0.017973244190216064,
        3.399026393890381,
        -0.000008128583431243896,
        1
      ],
      "name": "mixamorig5LeftHandMiddle2",
      "extras": {
        "name": "mixamorig5:LeftHandMiddle2"
      },
      "children": [
        26
      ]
    },
    {
      "matrix": [
        1.0000001192092618,
        2.350000226366641e-7,
        1.3627428855311995e-8,
        0,
        -2.3438658309111906e-7,
        0.9993992655292666,
        -0.034653566791971874,
        0,
        -2.1762831027842612e-8,
        0.03465357092299529,
        0.9993993846669846,
        0,
        -0.012317776679992676,
        3.301161766052246,
        -0.000021807849407196045,
        1
      ],
      "name": "mixamorig5LeftHandMiddle3",
      "extras": {
        "name": "mixamorig5:LeftHandMiddle3"
      },
      "children": [
        27
      ]
    },
    {
      "matrix": [
        1.0000001192092896,
        -9.313225746154653e-10,
        4.553648297258441e-18,
        0,
        9.313225746154653e-10,
        1.0000001192092896,
        -9.778886422839649e-9,
        0,
        4.553648297258441e-18,
        9.778886422839649e-9,
        1.0000001192092896,
        0,
        -0.005655765533447266,
        2.9507157802581787,
        -0.0000035315752029418945,
        1
      ],
      "name": "mixamorig5LeftHandMiddle4",
      "extras": {
        "name": "mixamorig5:LeftHandMiddle4"
      }
    },
    {
      "matrix": [
        0.9922454332828748,
        -0.12429400760533271,
        -4.4202452847974527e-7,
        0,
        0.12183255603078942,
        0.9725948347002229,
        0.1980302938799436,
        0,
        -0.024613547162283846,
        -0.19649469691457558,
        0.9801957811918941,
        0,
        1.2615795135498047,
        10.227336883544922,
        -0.24393391609191895,
        1
      ],
      "name": "mixamorig5LeftHandRing1",
      "extras": {
        "name": "mixamorig5:LeftHandRing1"
      },
      "children": [
        29
      ]
    },
    {
      "matrix": [
        0.9999999999998872,
        -4.327106431752794e-7,
        1.9593293250218702e-7,
        0,
        4.22243542858459e-7,
        0.9987192733559457,
        0.050593417852945057,
        0,
        -2.175742924387677e-7,
        -0.050593414837253735,
        0.9987192138277047,
        0,
        -0.0012784004211425781,
        2.9767773151397705,
        -0.000018984079360961914,
        1
      ],
      "name": "mixamorig5LeftHandRing2",
      "extras": {
        "name": "mixamorig5:LeftHandRing2"
      },
      "children": [
        30
      ]
    },
    {
      "matrix": [
        0.9999999999999993,
        -3.225945590437064e-8,
        1.989716245579313e-8,
        0,
        3.47957707125784e-8,
        0.9895071808593623,
        -0.14448328301983623,
        0,
        -1.502743196235497e-8,
        0.14448327440796158,
        0.9895071218801351,
        0,
        -0.006700992584228516,
        2.703474283218384,
        0.000023812055587768555,
        1
      ],
      "name": "mixamorig5LeftHandRing3",
      "extras": {
        "name": "mixamorig5:LeftHandRing3"
      },
      "children": [
        31
      ]
    },
    {
      "matrix": [
        1,
        -8.381903183465534e-9,
        -2.3283068376934964e-9,
        0,
        8.38190315961308e-9,
        0.9999999999999999,
        -1.0244549218706505e-8,
        0,
        2.328306784784409e-9,
        1.0244548588568146e-8,
        0.9999999403953552,
        0,
        0.00797724723815918,
        2.3656742572784424,
        0.00003147125244140625,
        1
      ],
      "name": "mixamorig5LeftHandRing4",
      "extras": {
        "name": "mixamorig5:LeftHandRing4"
      }
    },
    {
      "matrix": [
        0.9497132670791227,
        -0.3131207375059125,
        -5.619525889404267e-7,
        0,
        0.30195578067913964,
        0.9158488318960945,
        0.26465802582874726,
        0,
        -0.08286940228153511,
        -0.2513494237140534,
        0.9643424554698973,
        0,
        3.350590705871582,
        9.005173683166504,
        -0.29134535789489746,
        1
      ],
      "name": "mixamorig5LeftHandPinky1",
      "extras": {
        "name": "mixamorig5:LeftHandPinky1"
      },
      "children": [
        33
      ]
    },
    {
      "matrix": [
        0.9999999999998676,
        -2.878696591965875e-7,
        4.2665556380509146e-7,
        0,
        2.7092386240224846e-7,
        0.9992313007601684,
        0.03919909871325102,
        0,
        -4.3761185000398386e-7,
        -0.039199101049578876,
        0.9992313603189478,
        0,
        0.0008981227874755859,
        2.800290107727051,
        -0.00003796815872192383,
        1
      ],
      "name": "mixamorig5LeftHandPinky2",
      "extras": {
        "name": "mixamorig5:LeftHandPinky2"
      },
      "children": [
        34
      ]
    },
    {
      "matrix": [
        0.9999999999999939,
        1.8152654633306503e-8,
        -1.0903152237255858e-7,
        0,
        -3.400141944594518e-8,
        0.9891107916445386,
        -0.14717243137696479,
        0,
        1.0517268542900386e-7,
        0.14717243137696762,
        0.9891107916445332,
        0,
        -0.0005953311920166016,
        2.3067383766174316,
        -0.000012785196304321289,
        1
      ],
      "name": "mixamorig5LeftHandPinky3",
      "extras": {
        "name": "mixamorig5:LeftHandPinky3"
      },
      "children": [
        35
      ]
    },
    {
      "matrix": [
        0.9999999999999997,
        -2.328306453365514e-8,
        7.4505800710857745e-9,
        0,
        2.3283064197118786e-8,
        0.9999999999999987,
        4.516914495558688e-8,
        0,
        -7.450581122761882e-9,
        -4.5169144782114534e-8,
        0.999999999999999,
        0,
        -0.00030684471130371094,
        1.9274988174438477,
        -0.000021398067474365234,
        1
      ],
      "name": "mixamorig5LeftHandPinky4",
      "extras": {
        "name": "mixamorig5:LeftHandPinky4"
      }
    },
    {
      "matrix": [
        -0.034908621083395985,
        -0.0009176125310794703,
        0.9993901532678819,
        0,
        -0.9686644177444829,
        -0.24602739209356064,
        -0.0340612070812594,
        0,
        0.2459084698634228,
        -0.9692624154711649,
        0.007699534202766047,
        0,
        -6.322325706481934,
        11.887354850769043,
        -0.20992708206176758,
        1
      ],
      "name": "mixamorig5RightShoulder",
      "extras": {
        "name": "mixamorig5:RightShoulder"
      },
      "children": [
        37
      ]
    },
    {
      "matrix": [
        0.9998840324119479,
        -0.015236802513731327,
        -1.4601823135044916e-7,
        0,
        0.015088592976712212,
        0.9901594174727052,
        -0.13912736728448552,
        0,
        0.002120000632097976,
        0.1391112225247097,
        0.9902744339550996,
        0,
        8.344650268554688e-7,
        12.863723754882812,
        -1.7881393432617188e-7,
        1
      ],
      "name": "mixamorig5RightArm",
      "extras": {
        "name": "mixamorig5:RightArm"
      },
      "children": [
        38
      ]
    },
    {
      "matrix": [
        0.9944446148829815,
        -0.10526000838210688,
        -6.1487956279671274e-9,
        0,
        0.10434406324641116,
        0.9857912250515066,
        -0.13163577287542277,
        0,
        0.013855990452858125,
        0.13090450041568563,
        0.9912981504416891,
        0,
        -4.172325134277344e-7,
        26.919065475463867,
        0.000025153160095214844,
        1
      ],
      "name": "mixamorig5RightForeArm",
      "extras": {
        "name": "mixamorig5:RightForeArm"
      },
      "children": [
        39
      ]
    },
    {
      "matrix": [
        0.972980614523052,
        0.035925922323166944,
        0.22807414455038202,
        0,
        -0.06282081979033766,
        0.9917451612857863,
        0.11177979530798686,
        0,
        -0.22217565048571,
        -0.12308738558940159,
        0.9672057699300192,
        0,
        0.0000021457672119140625,
        24.821199417114258,
        -0.000044852495193481445,
        1
      ],
      "name": "mixamorig5RightHand",
      "extras": {
        "name": "mixamorig5:RightHand"
      },
      "children": [
        40,
        44,
        48,
        52,
        56
      ]
    },
    {
      "matrix": [
        0.8250866046971214,
        -0.5650062700019081,
        -4.210580870633862e-7,
        0,
        0.5262353017853709,
        0.7684685449578441,
        0.3640501199664117,
        0,
        -0.20569028245521448,
        -0.30037309724945427,
        0.9313793568589736,
        0,
        2.689854860305786,
        3.196244239807129,
        1.6248371601104736,
        1
      ],
      "name": "mixamorig5RightHandThumb1",
      "extras": {
        "name": "mixamorig5:RightHandThumb1"
      },
      "children": [
        41
      ]
    },
    {
      "matrix": [
        1.0000001192064127,
        -0.0000013342594993661834,
        0.000001993323346809661,
        0,
        9.858978893725586e-7,
        0.9862047373877064,
        0.1655301023926782,
        0,
        -0.0000021866850474118357,
        -0.16553012212296267,
        0.9862048549509509,
        0,
        0.33075618743896484,
        3.5706028938293457,
        0.0000032186508178710938,
        1
      ],
      "name": "mixamorig5RightHandThumb2",
      "extras": {
        "name": "mixamorig5:RightHandThumb2"
      },
      "children": [
        42
      ]
    },
    {
      "matrix": [
        1.0000001192091197,
        3.3029994400520824e-7,
        -4.801944504133749e-7,
        0,
        -4.2768026791982256e-7,
        0.9755942673897856,
        -0.21958102602516705,
        0,
        3.9594730793696717e-7,
        0.21958102602533514,
        0.9755942673897612,
        0,
        -0.08805686235427856,
        3.1333606243133545,
        0.00000286102294921875,
        1
      ],
      "name": "mixamorig5RightHandThumb3",
      "extras": {
        "name": "mixamorig5:RightHandThumb3"
      },
      "children": [
        43
      ]
    },
    {
      "matrix": [
        0.9999999999999999,
        -1.5075784200006812e-8,
        6.984909814173462e-10,
        0,
        1.5075784153169305e-8,
        0.9999999999999977,
        6.705522537757961e-8,
        0,
        -6.98492075594186e-10,
        -6.705523336065507e-8,
        1.0000001192092873,
        0,
        -0.24270939826965332,
        2.4946515560150146,
        -0.000007510185241699219,
        1
      ],
      "name": "mixamorig5RightHandThumb4",
      "extras": {
        "name": "mixamorig5:RightHandThumb4"
      }
    },
    {
      "matrix": [
        0.9856661792616199,
        -0.16870703733259293,
        5.699083071056587e-8,
        0,
        0.16597945294672423,
        0.9697304034171823,
        0.17909083931304648,
        0,
        -0.03021394495520019,
        -0.1765238054853377,
        0.9838325387475098,
        0,
        3.4656972885131836,
        10.104248046875,
        -0.13173545897006989,
        1
      ],
      "name": "mixamorig5RightHandIndex1",
      "extras": {
        "name": "mixamorig5:RightHandIndex1"
      },
      "children": [
        45
      ]
    },
    {
      "matrix": [
        0.9999999999996255,
        5.705415007298325e-7,
        -6.507454671281284e-7,
        0,
        -5.59152970501403e-7,
        0.9998492738035747,
        0.01736859470643552,
        0,
        6.605567690585996e-7,
        -0.017368591600318766,
        0.9998490950165583,
        0,
        0.00043976306915283203,
        3.0936503410339355,
        -0.000007912516593933105,
        1
      ],
      "name": "mixamorig5RightHandIndex2",
      "extras": {
        "name": "mixamorig5:RightHandIndex2"
      },
      "children": [
        46
      ]
    },
    {
      "matrix": [
        0.9999999999998058,
        -3.340561111662152e-7,
        5.261090156978903e-7,
        0,
        3.588478767919365e-7,
        0.9988545233283675,
        -0.04785019614922499,
        0,
        -5.095216896068409e-7,
        0.04785019329731054,
        0.9988544637919244,
        0,
        0.0025031566619873047,
        2.8265321254730225,
        0.000054955482482910156,
        1
      ],
      "name": "mixamorig5RightHandIndex3",
      "extras": {
        "name": "mixamorig5:RightHandIndex3"
      },
      "children": [
        47
      ]
    },
    {
      "matrix": [
        0.9999999999999927,
        3.771856593899614e-8,
        1.15483998707833e-7,
        0,
        -3.771856260485762e-8,
        0.9999999999999989,
        -2.8871001991025158e-8,
        0,
        -1.1548399979680567e-7,
        2.887099763513451e-8,
        0.9999999999999929,
        0,
        -0.0029447078704833984,
        2.474860191345215,
        -0.00003415346145629883,
        1
      ],
      "name": "mixamorig5RightHandIndex4",
      "extras": {
        "name": "mixamorig5:RightHandIndex4"
      }
    },
    {
      "matrix": [
        0.9991452459023724,
        0.04133592276531055,
        -2.154762746777782e-7,
        0,
        -0.0410843617719516,
        0.9930652496751338,
        0.11015210463816336,
        0,
        0.004553453883838882,
        -0.11005797562961449,
        0.9939149791693953,
        0,
        1.1434272527694702,
        10.146475791931152,
        -0.30969756841659546,
        1
      ],
      "name": "mixamorig5RightHandMiddle1",
      "extras": {
        "name": "mixamorig5:RightHandMiddle1"
      },
      "children": [
        49
      ]
    },
    {
      "matrix": [
        1.0000001192092858,
        7.266423639902849e-8,
        -4.4192250294245736e-8,
        0,
        -6.89404541974517e-8,
        0.9968660183803043,
        0.0791099201223838,
        0,
        4.9802208912579604e-8,
        -0.07910992012238047,
        0.9968660183803058,
        0,
        -0.0015915334224700928,
        3.409146785736084,
        0.000007584691047668457,
        1
      ],
      "name": "mixamorig5RightHandMiddle2",
      "extras": {
        "name": "mixamorig5:RightHandMiddle2"
      },
      "children": [
        50
      ]
    },
    {
      "matrix": [
        1.000000119209253,
        -1.5321578407722037e-7,
        -2.2308675890845788e-7,
        0,
        1.57802335240801e-7,
        0.9997855904806128,
        0.020706836644173485,
        0,
        2.1986628668532067e-7,
        -0.02070683664420793,
        0.9997855904806003,
        0,
        0.0005922010168433189,
        3.2456793785095215,
        0.000002644956111907959,
        1
      ],
      "name": "mixamorig5RightHandMiddle3",
      "extras": {
        "name": "mixamorig5:RightHandMiddle3"
      },
      "children": [
        51
      ]
    },
    {
      "matrix": [
        0.999999999999995,
        -2.910590080621536e-11,
        1.0047551768306277e-7,
        0,
        2.9101760107252047e-11,
        0.9999999999999991,
        4.1211023928197036e-8,
        0,
        -1.0047551768426217e-7,
        -4.121102392527281e-8,
        0.9999999999999941,
        0,
        0.00099894218146801,
        2.9375925064086914,
        -0.000024512410163879395,
        1
      ],
      "name": "mixamorig5RightHandMiddle4",
      "extras": {
        "name": "mixamorig5:RightHandMiddle4"
      }
    },
    {
      "matrix": [
        0.9966304110638641,
        0.08202331134242825,
        -3.091082134351608e-7,
        0,
        -0.08194996311353811,
        0.9957393472465095,
        0.04227994954602785,
        0,
        0.0034682497413431345,
        -0.04213746318464734,
        0.9991060415393463,
        0,
        -1.2470097541809082,
        10.300531387329102,
        0.020149633288383484,
        1
      ],
      "name": "mixamorig5RightHandRing1",
      "extras": {
        "name": "mixamorig5:RightHandRing1"
      },
      "children": [
        53
      ]
    },
    {
      "matrix": [
        0.9999999999999524,
        3.01576130199833e-7,
        6.492687067345733e-8,
        0,
        -3.084401640361937e-7,
        0.9738237801324282,
        0.2273042959879124,
        0,
        5.322222064482316e-9,
        -0.2273042824395298,
        0.9738237220880545,
        0,
        -0.0003571510314941406,
        2.8929710388183594,
        -3.2782554626464844e-7,
        1
      ],
      "name": "mixamorig5RightHandRing2",
      "extras": {
        "name": "mixamorig5:RightHandRing2"
      },
      "children": [
        54
      ]
    },
    {
      "matrix": [
        0.9999999999999739,
        3.9165263030892425e-9,
        -2.282517560375756e-7,
        0,
        -5.103150983981397e-8,
        0.9783858544038032,
        -0.20678762724996644,
        0,
        2.2250840055150433e-7,
        0.2067876272499727,
        0.9783858544037779,
        0,
        0.0005621910095214844,
        2.7984461784362793,
        0.00004163384437561035,
        1
      ],
      "name": "mixamorig5RightHandRing3",
      "extras": {
        "name": "mixamorig5:RightHandRing3"
      },
      "children": [
        55
      ]
    },
    {
      "matrix": [
        1,
        7.116432113049306e-17,
        1.1641532182693473e-9,
        0,
        -3.9857976580580954e-17,
        0.9999998807907101,
        -2.6891937912609586e-8,
        0,
        -1.164153218269349e-9,
        2.689194111837878e-8,
        0.9999999999999997,
        0,
        -0.00020766258239746094,
        2.2116329669952393,
        -0.000029668211936950684,
        1
      ],
      "name": "mixamorig5RightHandRing4",
      "extras": {
        "name": "mixamorig5:RightHandRing4"
      }
    },
    {
      "matrix": [
        0.9516984349195188,
        0.30703472637305596,
        -6.554734363960656e-7,
        0,
        -0.30402426395342297,
        0.9423673709253957,
        0.13968886907054412,
        0,
        0.04288994558055253,
        -0.13294145472577798,
        0.9901953858322644,
        0,
        -3.362109899520874,
        9.365028381347656,
        -0.16873714327812195,
        1
      ],
      "name": "mixamorig5RightHandPinky1",
      "extras": {
        "name": "mixamorig5:RightHandPinky1"
      },
      "children": [
        57
      ]
    },
    {
      "matrix": [
        0.999999821185953,
        3.791638587822227e-7,
        -2.8554128710028734e-7,
        0,
        -3.230533733103347e-7,
        0.9844223366781041,
        0.1758206479876529,
        0,
        3.4775807955209306e-7,
        -0.1758206270280888,
        0.9844222193258424,
        0,
        0.006106138229370117,
        2.790419578552246,
        0.000056609511375427246,
        1
      ],
      "name": "mixamorig5RightHandPinky2",
      "extras": {
        "name": "mixamorig5:RightHandPinky2"
      },
      "children": [
        58
      ]
    },
    {
      "matrix": [
        0.9999999999999745,
        2.231071951393689e-7,
        3.580332708949341e-8,
        0,
        -2.164770508275873e-7,
        0.9913474282418897,
        -0.1312641467280884,
        0,
        -6.477951233703346e-8,
        0.1312641467280773,
        0.9913474282419128,
        0,
        -0.008751153945922852,
        2.231975555419922,
        -0.00003482401371002197,
        1
      ],
      "name": "mixamorig5RightHandPinky3",
      "extras": {
        "name": "mixamorig5:RightHandPinky3"
      },
      "children": [
        59
      ]
    },
    {
      "matrix": [
        0.9999999999999932,
        1.3038516652040966e-8,
        -1.1594966047132234e-7,
        0,
        -1.3038515437192432e-8,
        0.9999999999999999,
        1.0477379720329888e-8,
        0,
        1.1594966060793181e-7,
        -1.0477378208518379e-8,
        0.9999999999999932,
        0,
        0.002654552459716797,
        1.8398566246032715,
        9.760260581970215e-7,
        1
      ],
      "name": "mixamorig5RightHandPinky4",
      "extras": {
        "name": "mixamorig5:RightHandPinky4"
      }
    },
    {
      "matrix": [
        -0.9972629704362731,
        -0.07401664643624215,
        -0.002465467990523007,
        0,
        0.07405703485318593,
        -0.996701694852953,
        -0.03318704944176742,
        0,
        -9.41955788711797e-7,
        -0.033278565144966236,
        0.999448023574892,
        0,
        9.37393569946289,
        -4.9105987548828125,
        -0.5255305171012878,
        1
      ],
      "name": "mixamorig5LeftUpLeg",
      "extras": {
        "name": "mixamorig5:LeftUpLeg"
      },
      "children": [
        61
      ]
    },
    {
      "matrix": [
        0.9996568922249692,
        0.02619802056994859,
        0.000004694010440122522,
        0,
        -0.026197835592233976,
        0.9996491334294659,
        0.003909412155427513,
        0,
        0.00009772647627583541,
        -0.003908193312845191,
        0.999992358208731,
        0,
        0.000003494787961244583,
        43.28689956665039,
        2.2635504137724638e-7,
        1
      ],
      "name": "mixamorig5LeftLeg",
      "extras": {
        "name": "mixamorig5:LeftLeg"
      },
      "children": [
        62
      ]
    },
    {
      "matrix": [
        0.9997512873312305,
        -9.240352097733141e-8,
        0.02229630150769176,
        0,
        -0.01768608038214801,
        0.6089197426118377,
        0.7930345707012411,
        0,
        -0.013576733881244918,
        -0.7932318089783408,
        0.6087684037796093,
        0,
        0.0000016675330698490143,
        45.713375091552734,
        1.4808028936386108e-7,
        1
      ],
      "name": "mixamorig5LeftFoot",
      "extras": {
        "name": "mixamorig5:LeftFoot"
      },
      "children": [
        63
      ]
    },
    {
      "matrix": [
        0.9875864284019683,
        -7.406368891516024e-7,
        0.15707657192002866,
        0,
        -0.09436226832790037,
        0.7994410705749315,
        0.5932870698182877,
        0,
        -0.12557391353296748,
        -0.60074439482937,
        0.7895171284757786,
        0,
        0.0000017955899238586426,
        18.16870880126953,
        -1.4901161193847656e-8,
        1
      ],
      "name": "mixamorig5LeftToeBase",
      "extras": {
        "name": "mixamorig5:LeftToeBase"
      },
      "children": [
        64
      ]
    },
    {
      "matrix": [
        1.0000001192084278,
        -1.2107169879827793e-8,
        -0.0000013126990982554449,
        0,
        1.2107218170397461e-8,
        1.0000001192092887,
        3.6787231030713753e-8,
        0,
        0.0000013126992542959628,
        -3.678725130919558e-8,
        1.0000002384177167,
        0,
        -1.5052501112222672e-7,
        6.899129867553711,
        0.0000012284144759178162,
        1
      ],
      "name": "mixamorig5LeftToe_End",
      "extras": {
        "name": "mixamorig5:LeftToe_End"
      }
    },
    {
      "matrix": [
        -0.9972645691435613,
        0.07398942994587397,
        0.0028458946819876333,
        0,
        -0.07404343950781422,
        -0.9965198928648469,
        -0.03828672655148938,
        0,
        0.0000031773411382533645,
        -0.03839244637366933,
        0.9992652435495346,
        0,
        -9.37393569946289,
        -4.9105987548828125,
        -0.541342556476593,
        1
      ],
      "name": "mixamorig5RightUpLeg",
      "extras": {
        "name": "mixamorig5:RightUpLeg"
      },
      "children": [
        66
      ]
    },
    {
      "matrix": [
        0.9996564051325743,
        -0.026212052390237297,
        -0.000006423115125543406,
        0,
        0.02621119970757513,
        0.9996218523074505,
        0.00829982171730926,
        0,
        -0.00021113468340799467,
        -0.00829713928802824,
        0.9999655558604149,
        0,
        4.75090928375721e-7,
        43.29484176635742,
        2.9305374482646585e-7,
        1
      ],
      "name": "mixamorig5RightLeg",
      "extras": {
        "name": "mixamorig5:RightLeg"
      },
      "children": [
        67
      ]
    },
    {
      "matrix": [
        0.9997463499973761,
        4.0809031154331876e-7,
        -0.02252189247098635,
        0,
        0.017975095211626213,
        0.60248864650928,
        0.7979249874456922,
        0,
        0.013569508864508913,
        -0.7981273793704313,
        0.6023357820302608,
        0,
        8.372589945793152e-7,
        45.71430587768555,
        -6.612390279769897e-8,
        1
      ],
      "name": "mixamorig5RightFoot",
      "extras": {
        "name": "mixamorig5:RightFoot"
      },
      "children": [
        68
      ]
    },
    {
      "matrix": [
        0.9870971334806936,
        8.702733247378802e-7,
        -0.1601226059094173,
        0,
        0.09524175302246429,
        0.8038667098114909,
        0.5871348389038364,
        0,
        0.12871774316382278,
        -0.5948094741786387,
        0.793494442083853,
        0,
        -0.000003684312105178833,
        18.334989547729492,
        -4.3213367462158203e-7,
        1
      ],
      "name": "mixamorig5RightToeBase",
      "extras": {
        "name": "mixamorig5:RightToeBase"
      },
      "children": [
        69
      ]
    },
    {
      "matrix": [
        0.9999999999990924,
        -5.238357758451815e-10,
        0.0000013472745195160152,
        0,
        5.239021205972318e-10,
        0.9999999999999988,
        -4.9243677227182105e-8,
        0,
        -0.0000013472746800978563,
        4.924368380328125e-8,
        1.0000001192083807,
        0,
        0.000003229972207918763,
        6.86318826675415,
        4.833564162254333e-7,
        1
      ],
      "name": "mixamorig5RightToe_End",
      "extras": {
        "name": "mixamorig5:RightToe_End"
      }
    }
  ],
  "bufferViews": [
    {
      "buffer": 0,
      "byteOffset": 0,
      "byteLength": 191712,
      "target": 34962,
      "byteStride": 12
    },
    {
      "buffer": 0,
      "byteOffset": 191712,
      "byteLength": 191712,
      "target": 34962,
      "byteStride": 12
    },
    {
      "buffer": 0,
      "byteOffset": 383424,
      "byteLength": 127808,
      "target": 34962,
      "byteStride": 8
    },
    {
      "buffer": 0,
      "byteOffset": 511232,
      "byteLength": 63904,
      "target": 34962,
      "byteStride": 4
    },
    {
      "buffer": 0,
      "byteOffset": 575136,
      "byteLength": 255616,
      "target": 34962,
      "byteStride": 16
    },
    {
      "buffer": 0,
      "byteOffset": 830752,
      "byteLength": 172928,
      "target": 34963
    },
    {
      "buffer": 0,
      "byteOffset": 1003680,
      "byteLength": 147780,
      "target": 34962,
      "byteStride": 12
    },
    {
      "buffer": 0,
      "byteOffset": 1151460,
      "byteLength": 147780,
      "target": 34962,
      "byteStride": 12
    },
    {
      "buffer": 0,
      "byteOffset": 1299240,
      "byteLength": 98520,
      "target": 34962,
      "byteStride": 8
    },
    {
      "buffer": 0,
      "byteOffset": 1397760,
      "byteLength": 49260,
      "target": 34962,
      "byteStride": 4
    },
    {
      "buffer": 0,
      "byteOffset": 1447020,
      "byteLength": 197040,
      "target": 34962,
      "byteStride": 16
    },
    {
      "buffer": 0,
      "byteOffset": 1644060,
      "byteLength": 124632,
      "target": 34963
    },
    {
      "buffer": 0,
